     0.000     -0.585
    10.000     -0.585
    20.000     -0.585
    30.000     -0.585
    40.000     -0.585
    50.000     -0.585
    60.000     -0.585
    70.000     -0.585
    80.000     -0.585
    90.000     -0.585
   100.000     -0.585
   110.000     -1.745
   120.000     -1.745
   130.000     -1.745
   140.000     -1.745
   150.000     -4.035
   160.000     -4.035
   170.000     -4.035
   180.000     -4.035
   190.000     -4.035
   200.000     -4.035
   210.000     -4.035
   220.000     -4.035
   230.000     -4.035
   240.000     -4.035
   250.000     -5.325
   260.000     -5.325
   270.000     -5.325
   280.000     -5.325
   290.000     -6.951
   300.000     -6.951
   310.000     -6.951
   320.000     -6.951
   330.000     -6.951
   340.000     -6.951
   350.000     -6.951
   360.000     -6.951
   370.000     -6.951
   380.000     -6.951
   390.000     -7.936
   400.000     -7.936
   410.000     -7.936
   420.000     -7.936
   430.000     -9.126
   440.000     -9.126
   450.000     -9.126
   460.000     -9.126
   470.000     -9.126
   480.000     -9.126
   490.000     -9.126
   500.000     -9.126
   510.000     -9.126
   520.000     -9.126
   530.000     -9.988
   540.000     -9.988
   550.000     -9.988
   560.000     -9.988
   570.000     -9.988
   580.000    -10.818
   590.000    -10.818
   600.000    -10.818
   610.000    -10.818
   620.000    -10.818
   630.000    -10.818
   640.000    -10.818
   650.000    -10.818
   660.000    -10.818
   670.000    -11.568
   680.000    -11.568
   690.000    -11.568
   700.000    -11.568
   710.000    -11.568
   720.000    -12.248
   730.000    -12.248
   740.000    -12.248
   750.000    -12.248
   760.000    -12.248
   770.000    -12.248
   780.000    -12.248
   790.000    -12.248
   800.000    -12.248
   810.000    -12.866
   820.000    -12.866
   830.000    -12.866
   840.000    -12.866
   850.000    -12.866
   860.000    -13.527
   870.000    -13.527
   880.000    -13.527
   890.000    -13.527
   900.000    -13.527
   910.000    -13.527
   920.000    -13.527
   930.000    -13.527
   940.000    -13.527
   950.000    -14.072
   960.000    -14.072
   970.000    -14.072
   980.000    -14.072
   990.000    -14.072
  1000.000    -14.072
  1010.000    -14.682
  1020.000    -14.682
  1030.000    -14.682
  1040.000    -14.682
  1050.000    -14.682
  1060.000    -14.682
  1070.000    -14.682
  1080.000    -14.682
  1090.000    -15.166
  1100.000    -15.166
  1110.000    -15.166
  1120.000    -15.166
  1130.000    -15.166
  1140.000    -15.166
  1150.000    -15.698
  1160.000    -15.698
  1170.000    -15.698
  1180.000    -15.698
  1190.000    -15.698
  1200.000    -15.698
  1210.000    -15.698
  1220.000    -15.698
  1230.000    -16.148
  1240.000    -16.148
  1250.000    -16.148
  1260.000    -16.148
  1270.000    -16.148
  1280.000    -16.148
  1290.000    -16.610
  1300.000    -16.610
  1310.000    -16.610
  1320.000    -16.610
  1330.000    -16.610
  1340.000    -16.610
  1350.000    -16.610
  1360.000    -16.610
  1370.000    -17.032
  1380.000    -17.032
  1390.000    -17.032
  1400.000    -17.032
  1410.000    -17.032
  1420.000    -17.032
  1430.000    -17.032
  1440.000    -17.443
  1450.000    -17.443
  1460.000    -17.443
  1470.000    -17.443
  1480.000    -17.443
  1490.000    -17.443
  1500.000    -17.443
  1510.000    -17.833
  1520.000    -17.833
  1530.000    -17.833
  1540.000    -17.833
  1550.000    -17.833
  1560.000    -17.833
  1570.000    -17.833
  1580.000    -18.203
  1590.000    -18.203
  1600.000    -18.203
  1610.000    -18.203
  1620.000    -18.203
  1630.000    -18.203
  1640.000    -18.203
  1650.000    -18.564
  1660.000    -18.564
  1670.000    -18.564
  1680.000    -18.564
  1690.000    -18.564
  1700.000    -18.564
  1710.000    -18.564
  1720.000    -18.903
  1730.000    -18.903
  1740.000    -18.903
  1750.000    -18.903
  1760.000    -18.903
  1770.000    -18.903
  1780.000    -18.903
  1790.000    -19.230
  1800.000    -19.230
  1810.000    -19.230
  1820.000    -19.230
  1830.000    -19.230
  1840.000    -19.230
  1850.000    -19.230
  1860.000    -19.230
  1870.000    -19.549
  1880.000    -19.549
  1890.000    -19.549
  1900.000    -19.549
  1910.000    -19.549
  1920.000    -19.549
  1930.000    -19.848
  1940.000    -19.848
  1950.000    -19.848
  1960.000    -19.848
  1970.000    -19.848
  1980.000    -19.848
  1990.000    -19.848
  2000.000    -19.848
  2010.000    -20.153
  2020.000    -20.153
  2030.000    -20.153
  2040.000    -20.153
  2050.000    -20.153
  2060.000    -20.429
  2070.000    -20.429
  2080.000    -20.429
  2090.000    -20.429
  2100.000    -20.429
  2110.000    -20.429
  2120.000    -20.429
  2130.000    -20.429
  2140.000    -20.429
  2150.000    -20.719
  2160.000    -20.719
  2170.000    -20.719
  2180.000    -20.719
  2190.000    -20.719
  2200.000    -20.973
  2210.000    -20.973
  2220.000    -20.973
  2230.000    -20.973
  2240.000    -20.973
  2250.000    -20.973
  2260.000    -20.973
  2270.000    -20.973
  2280.000    -20.973
  2290.000    -20.973
  2300.000    -21.238
  2310.000    -21.238
  2320.000    -21.238
  2330.000    -21.238
  2340.000    -21.477
  2350.000    -21.477
  2360.000    -21.477
  2370.000    -21.477
  2380.000    -21.477
  2390.000    -21.477
  2400.000    -21.477
  2410.000    -21.477
  2420.000    -21.477
  2430.000    -21.477
  2440.000    -21.725
  2450.000    -21.725
  2460.000    -21.725
  2470.000    -21.725
  2480.000    -21.957
  2490.000    -21.957
  2500.000    -21.957
  2510.000    -21.957
  2520.000    -21.957
  2530.000    -21.957
  2540.000    -21.957
  2550.000    -21.957
  2560.000    -21.957
  2570.000    -21.957
  2580.000    -22.198
  2590.000    -22.198
  2600.000    -22.198
  2610.000    -22.198
  2620.000    -22.426
  2630.000    -22.426
  2640.000    -22.426
  2650.000    -22.426
  2660.000    -22.426
  2670.000    -22.426
  2680.000    -22.426
  2690.000    -22.426
  2700.000    -22.426
  2710.000    -22.426
  2720.000    -22.426
  2730.000    -22.652
  2740.000    -22.652
  2750.000    -22.652
  2760.000    -22.863
  2770.000    -22.863
  2780.000    -22.863
  2790.000    -22.863
  2800.000    -22.863
  2810.000    -22.863
  2820.000    -22.863
  2830.000    -22.863
  2840.000    -22.863
  2850.000    -22.863
  2860.000    -22.863
  2870.000    -23.069
  2880.000    -23.069
  2890.000    -23.069
  2900.000    -23.265
  2910.000    -23.265
  2920.000    -23.265
  2930.000    -23.265
  2940.000    -23.265
  2950.000    -23.265
  2960.000    -23.265
  2970.000    -23.265
  2980.000    -23.265
  2990.000    -23.265
  3000.000    -23.265
  3010.000    -23.460
  3020.000    -23.460
  3030.000    -23.460
  3040.000    -23.652
  3050.000    -23.652
  3060.000    -23.652
  3070.000    -23.652
  3080.000    -23.652
  3090.000    -23.652
  3100.000    -23.652
  3110.000    -23.652
  3120.000    -23.652
  3130.000    -23.652
  3140.000    -23.652
  3150.000    -23.652
  3160.000    -23.842
  3170.000    -23.842
  3180.000    -24.025
  3190.000    -24.025
  3200.000    -24.025
  3210.000    -24.025
  3220.000    -24.025
  3230.000    -24.025
  3240.000    -24.025
  3250.000    -24.025
  3260.000    -24.025
  3270.000    -24.025
  3280.000    -24.025
  3290.000    -24.025
  3300.000    -24.207
  3310.000    -24.207
  3320.000    -24.383
  3330.000    -24.383
  3340.000    -24.383
  3350.000    -24.383
  3360.000    -24.383
  3370.000    -24.383
  3380.000    -24.383
  3390.000    -24.383
  3400.000    -24.383
  3410.000    -24.383
  3420.000    -24.383
  3430.000    -24.383
  3440.000    -24.557
  3450.000    -24.557
  3460.000    -24.753
  3470.000    -24.753
  3480.000    -24.753
  3490.000    -24.753
  3500.000    -24.753
  3510.000    -24.753
  3520.000    -24.753
  3530.000    -24.753
  3540.000    -24.753
  3550.000    -24.753
  3560.000    -24.753
  3570.000    -24.753
  3580.000    -24.753
  3590.000    -24.974
  3600.000    -25.256
  3610.000    -25.256
  3620.000    -25.256
  3630.000    -25.256
  3640.000    -25.256
  3650.000    -25.256
  3660.000    -25.256
  3670.000    -25.256
  3680.000    -25.256
  3690.000    -25.256
  3700.000    -25.256
  3710.000    -25.256
  3720.000    -25.256
  3730.000    -25.553
  3740.000    -25.875
  3750.000    -25.875
  3760.000    -25.875
  3770.000    -25.875
  3780.000    -25.875
  3790.000    -25.875
  3800.000    -25.875
  3810.000    -25.875
  3820.000    -25.875
  3830.000    -25.875
  3840.000    -25.875
  3850.000    -25.875
  3860.000    -25.875
  3870.000    -26.186
  3880.000    -26.494
  3890.000    -26.494
  3900.000    -26.494
  3910.000    -26.494
  3920.000    -26.494
  3930.000    -26.494
  3940.000    -26.494
  3950.000    -26.494
  3960.000    -26.494
  3970.000    -26.494
  3980.000    -26.494
  3990.000    -26.494
  4000.000    -26.494
  4010.000    -26.494
  4020.000    -27.096
  4030.000    -27.096
  4040.000    -27.096
  4050.000    -27.096
  4060.000    -27.096
  4070.000    -27.096
  4080.000    -27.096
  4090.000    -27.096
  4100.000    -27.096
  4110.000    -27.096
  4120.000    -27.096
  4130.000    -27.096
  4140.000    -27.096
  4150.000    -27.096
  4160.000    -27.675
  4170.000    -27.675
  4180.000    -27.675
  4190.000    -27.675
  4200.000    -27.675
  4210.000    -27.675
  4220.000    -27.675
  4230.000    -27.675
  4240.000    -27.675
  4250.000    -27.675
  4260.000    -27.675
  4270.000    -27.675
  4280.000    -27.675
  4290.000    -27.675
  4300.000    -28.238
  4310.000    -28.238
  4320.000    -28.238
  4330.000    -28.238
  4340.000    -28.238
  4350.000    -28.238
  4360.000    -28.238
  4370.000    -28.238
  4380.000    -28.238
  4390.000    -28.238
  4400.000    -28.238
  4410.000    -28.238
  4420.000    -28.238
  4430.000    -28.238
  4440.000    -28.515
  4450.000    -28.778
  4460.000    -28.778
  4470.000    -28.778
  4480.000    -28.778
  4490.000    -28.778
  4500.000    -28.778
  4510.000    -28.778
  4520.000    -28.778
  4530.000    -28.778
  4540.000    -28.778
  4550.000    -28.778
  4560.000    -28.778
  4570.000    -28.778
  4580.000    -29.045
  4590.000    -29.299
  4600.000    -29.299
  4610.000    -29.299
  4620.000    -29.299
  4630.000    -29.299
  4640.000    -29.299
  4650.000    -29.299
  4660.000    -29.299
  4670.000    -29.299
  4680.000    -29.299
  4690.000    -29.299
  4700.000    -29.299
  4710.000    -29.299
  4720.000    -29.558
  4730.000    -29.805
  4740.000    -29.805
  4750.000    -29.805
  4760.000    -29.805
  4770.000    -29.805
  4780.000    -29.805
  4790.000    -29.805
  4800.000    -29.805
  4810.000    -29.805
  4820.000    -29.805
  4830.000    -29.805
  4840.000    -29.805
  4850.000    -29.805
  4860.000    -30.058
  4870.000    -30.058
  4880.000    -30.294
  4890.000    -30.294
  4900.000    -30.294
  4910.000    -30.294
  4920.000    -30.294
  4930.000    -30.294
  4940.000    -30.294
  4950.000    -30.294
  4960.000    -30.294
  4970.000    -30.294
  4980.000    -30.294
  4990.000    -30.294
  5000.000    -30.542
  5010.000    -30.542
  5020.000    -30.775
  5030.000    -30.775
  5040.000    -30.775
  5050.000    -30.775
  5060.000    -30.775
  5070.000    -30.775
  5080.000    -30.775
  5090.000    -30.775
  5100.000    -30.775
  5110.000    -30.775
  5120.000    -30.775
  5130.000    -30.775
  5140.000    -31.017
  5150.000    -31.017
  5160.000    -31.239
  5170.000    -31.239
  5180.000    -31.239
  5190.000    -31.239
  5200.000    -31.239
  5210.000    -31.239
  5220.000    -31.239
  5230.000    -31.239
  5240.000    -31.239
  5250.000    -31.239
  5260.000    -31.239
  5270.000    -31.239
  5280.000    -31.471
  5290.000    -31.471
  5300.000    -31.471
  5310.000    -31.686
  5320.000    -31.686
  5330.000    -31.686
  5340.000    -31.686
  5350.000    -31.686
  5360.000    -31.686
  5370.000    -31.686
  5380.000    -31.686
  5390.000    -31.686
  5400.000    -31.686
  5410.000    -31.686
  5420.000    -31.912
  5430.000    -31.912
  5440.000    -31.912
  5450.000    -32.122
  5460.000    -32.122
  5470.000    -32.122
  5480.000    -32.122
  5490.000    -32.122
  5500.000    -32.122
  5510.000    -32.122
  5520.000    -32.122
  5530.000    -32.122
  5540.000    -32.122
  5550.000    -32.346
  5560.000    -32.346
  5570.000    -32.346
  5580.000    -32.346
  5590.000    -32.551
  5600.000    -32.551
  5610.000    -32.551
  5620.000    -32.551
  5630.000    -32.551
  5640.000    -32.551
  5650.000    -32.551
  5660.000    -32.551
  5670.000    -32.551
  5680.000    -32.551
  5690.000    -32.772
  5700.000    -32.772
  5710.000    -32.772
  5720.000    -32.772
  5730.000    -32.772
  5740.000    -32.973
  5750.000    -32.973
  5760.000    -32.973
  5770.000    -32.973
  5780.000    -32.973
  5790.000    -32.973
  5800.000    -32.973
  5810.000    -32.973
  5820.000    -32.973
  5830.000    -33.190
  5840.000    -33.190
  5850.000    -33.190
  5860.000    -33.190
  5870.000    -33.190
  5880.000    -33.386
  5890.000    -33.386
  5900.000    -33.386
  5910.000    -33.386
  5920.000    -33.386
  5930.000    -33.386
  5940.000    -33.386
  5950.000    -33.386
  5960.000    -33.386
  5970.000    -33.597
  5980.000    -33.597
  5990.000    -33.597
  6000.000    -33.597
  6010.000    -33.597
  6020.000    -33.787
  6030.000    -33.787
  6040.000    -33.787
  6050.000    -33.787
  6060.000    -33.787
  6070.000    -33.787
  6080.000    -33.787
  6090.000    -33.787
  6100.000    -33.787
  6110.000    -33.996
  6120.000    -33.996
  6130.000    -33.996
  6140.000    -33.996
  6150.000    -33.996
  6160.000    -33.996
  6170.000    -34.187
  6180.000    -34.187
  6190.000    -34.187
  6200.000    -34.187
  6210.000    -34.187
  6220.000    -34.187
  6230.000    -34.187
  6240.000    -34.187
  6250.000    -34.388
  6260.000    -34.388
  6270.000    -34.388
  6280.000    -34.388
  6290.000    -34.388
  6300.000    -34.388
  6310.000    -34.574
  6320.000    -34.574
  6330.000    -34.574
  6340.000    -34.574
  6350.000    -34.574
  6360.000    -34.574
  6370.000    -34.574
  6380.000    -34.574
  6390.000    -34.773
  6400.000    -34.773
  6410.000    -34.773
  6420.000    -34.773
  6430.000    -34.773
  6440.000    -34.773
  6450.000    -34.952
  6460.000    -34.952
  6470.000    -34.952
  6480.000    -34.952
  6490.000    -34.952
  6500.000    -34.952
  6510.000    -34.952
  6520.000    -34.952
  6530.000    -35.144
  6540.000    -35.144
  6550.000    -35.144
  6560.000    -35.144
  6570.000    -35.144
  6580.000    -35.144
  6590.000    -35.144
  6600.000    -35.319
  6610.000    -35.319
  6620.000    -35.319
  6630.000    -35.319
  6640.000    -35.319
  6650.000    -35.319
  6660.000    -35.319
  6670.000    -35.509
  6680.000    -35.509
  6690.000    -35.509
  6700.000    -35.509
  6710.000    -35.509
  6720.000    -35.509
  6730.000    -35.509
  6740.000    -35.684
  6750.000    -35.684
  6760.000    -35.684
  6770.000    -35.684
  6780.000    -35.684
  6790.000    -35.684
  6800.000    -35.684
  6810.000    -35.868
  6820.000    -35.868
  6830.000    -35.868
  6840.000    -35.868
  6850.000    -35.868
  6860.000    -35.868
  6870.000    -35.868
  6880.000    -36.043
  6890.000    -36.043
  6900.000    -36.043
  6910.000    -36.043
  6920.000    -36.043
  6930.000    -36.043
  6940.000    -36.043
  6950.000    -36.220
  6960.000    -36.220
  6970.000    -36.220
  6980.000    -36.220
  6990.000    -36.220
  7000.000    -36.220
  7010.000    -36.220
  7020.000    -36.220
  7030.000    -36.391
  7040.000    -36.391
  7050.000    -36.391
  7060.000    -36.391
  7070.000    -36.391
  7080.000    -36.391
  7090.000    -36.563
  7100.000    -36.563
  7110.000    -36.563
  7120.000    -36.563
  7130.000    -36.563
  7140.000    -36.563
  7150.000    -36.563
  7160.000    -36.563
  7170.000    -36.730
  7180.000    -36.730
  7190.000    -36.730
  7200.000    -36.730
  7210.000    -36.730
  7220.000    -36.730
  7230.000    -36.898
  7240.000    -36.898
  7250.000    -36.898
  7260.000    -36.898
  7270.000    -36.898
  7280.000    -36.898
  7290.000    -36.898
  7300.000    -36.898
  7310.000    -37.062
  7320.000    -37.062
  7330.000    -37.062
  7340.000    -37.062
  7350.000    -37.062
  7360.000    -37.062
  7370.000    -37.228
  7380.000    -37.228
  7390.000    -37.228
  7400.000    -37.228
  7410.000    -37.228
  7420.000    -37.228
  7430.000    -37.228
  7440.000    -37.228
  7450.000    -37.228
  7460.000    -37.392
  7470.000    -37.392
  7480.000    -37.392
  7490.000    -37.392
  7500.000    -37.392
  7510.000    -37.557
  7520.000    -37.557
  7530.000    -37.557
  7540.000    -37.557
  7550.000    -37.557
  7560.000    -37.557
  7570.000    -37.557
  7580.000    -37.557
  7590.000    -37.557
  7600.000    -37.715
  7610.000    -37.715
  7620.000    -37.715
  7630.000    -37.715
  7640.000    -37.715
  7650.000    -37.875
  7660.000    -37.875
  7670.000    -37.875
  7680.000    -37.875
  7690.000    -37.875
  7700.000    -37.875
  7710.000    -37.875
  7720.000    -37.875
  7730.000    -37.875
  7740.000    -38.032
  7750.000    -38.032
  7760.000    -38.032
  7770.000    -38.032
  7780.000    -38.032
  7790.000    -38.189
  7800.000    -38.189
  7810.000    -38.189
  7820.000    -38.189
  7830.000    -38.189
  7840.000    -38.189
  7850.000    -38.189
  7860.000    -38.189
  7870.000    -38.189
  7880.000    -38.189
  7890.000    -38.344
  7900.000    -38.344
  7910.000    -38.344
  7920.000    -38.344
  7930.000    -38.499
  7940.000    -38.499
  7950.000    -38.499
  7960.000    -38.499
  7970.000    -38.499
  7980.000    -38.499
  7990.000    -38.499
  8000.000    -38.499
  8010.000    -38.499
  8020.000    -38.499
  8030.000    -38.647
  8040.000    -38.647
  8050.000    -38.647
  8060.000    -38.647
  8070.000    -38.798
  8080.000    -38.798
  8090.000    -38.798
  8100.000    -38.798
  8110.000    -38.798
  8120.000    -38.798
  8130.000    -38.798
  8140.000    -38.798
  8150.000    -38.798
  8160.000    -38.798
  8170.000    -38.945
  8180.000    -38.945
  8190.000    -38.945
  8200.000    -38.945
  8210.000    -39.093
  8220.000    -39.093
  8230.000    -39.093
  8240.000    -39.093
  8250.000    -39.093
  8260.000    -39.093
  8270.000    -39.093
  8280.000    -39.093
  8290.000    -39.093
  8300.000    -39.093
  8310.000    -39.093
  8320.000    -39.239
  8330.000    -39.239
  8340.000    -39.239
  8350.000    -39.384
  8360.000    -39.384
  8370.000    -39.384
  8380.000    -39.384
  8390.000    -39.384
  8400.000    -39.384
  8410.000    -39.384
  8420.000    -39.384
  8430.000    -39.384
  8440.000    -39.384
  8450.000    -39.384
  8460.000    -39.530
  8470.000    -39.530
  8480.000    -39.530
  8490.000    -39.673
  8500.000    -39.673
  8510.000    -39.673
  8520.000    -39.673
  8530.000    -39.673
  8540.000    -39.673
  8550.000    -39.673
  8560.000    -39.673
  8570.000    -39.673
  8580.000    -39.673
  8590.000    -39.673
  8600.000    -39.816
  8610.000    -39.816
  8620.000    -39.816
  8630.000    -39.959
  8640.000    -39.959
  8650.000    -39.959
  8660.000    -39.959
  8670.000    -39.959
  8680.000    -39.959
  8690.000    -39.959
  8700.000    -39.959
  8710.000    -39.959
  8720.000    -39.959
  8730.000    -39.959
  8740.000    -39.959
  8750.000    -40.095
  8760.000    -40.095
  8770.000    -40.232
  8780.000    -40.232
  8790.000    -40.232
  8800.000    -40.232
  8810.000    -40.232
  8820.000    -40.232
  8830.000    -40.232
  8840.000    -40.232
  8850.000    -40.232
  8860.000    -40.232
  8870.000    -40.232
  8880.000    -40.232
  8890.000    -40.369
  8900.000    -40.508
  8910.000    -40.508
  8920.000    -40.508
  8930.000    -40.508
  8940.000    -40.508
  8950.000    -40.508
  8960.000    -40.508
  8970.000    -40.508
  8980.000    -40.508
  8990.000    -40.508
  9000.000    -40.508
  9010.000    -40.508
  9020.000    -40.508
  9030.000    -40.639
  9040.000    -40.777
  9050.000    -40.777
  9060.000    -40.777
  9070.000    -40.777
  9080.000    -40.777
  9090.000    -40.777
  9100.000    -40.777
  9110.000    -40.777
  9120.000    -40.777
  9130.000    -40.777
  9140.000    -40.777
  9150.000    -40.777
  9160.000    -40.777
  9170.000    -40.777
  9180.000    -41.040
  9190.000    -41.040
  9200.000    -41.040
  9210.000    -41.040
  9220.000    -41.040
  9230.000    -41.040
  9240.000    -41.040
  9250.000    -41.040
  9260.000    -41.040
  9270.000    -41.040
  9280.000    -41.040
  9290.000    -41.040
  9300.000    -41.040
  9310.000    -41.040
  9320.000    -41.300
  9330.000    -41.300
  9340.000    -41.300
  9350.000    -41.300
  9360.000    -41.300
  9370.000    -41.300
  9380.000    -41.300
  9390.000    -41.300
  9400.000    -41.300
  9410.000    -41.300
  9420.000    -41.300
  9430.000    -41.300
  9440.000    -41.300
  9450.000    -41.300
  9460.000    -41.558
  9470.000    -41.558
  9480.000    -41.558
  9490.000    -41.558
  9500.000    -41.558
  9510.000    -41.558
  9520.000    -41.558
  9530.000    -41.558
  9540.000    -41.558
  9550.000    -41.558
  9560.000    -41.558
  9570.000    -41.558
  9580.000    -41.558
  9590.000    -41.558
  9600.000    -41.687
  9610.000    -41.811
  9620.000    -41.811
  9630.000    -41.811
  9640.000    -41.811
  9650.000    -41.811
  9660.000    -41.811
  9670.000    -41.811
  9680.000    -41.811
  9690.000    -41.811
  9700.000    -41.811
  9710.000    -41.811
  9720.000    -41.811
  9730.000    -41.811
  9740.000    -41.938
  9750.000    -42.060
  9760.000    -42.060
  9770.000    -42.060
  9780.000    -42.060
  9790.000    -42.060
  9800.000    -42.060
  9810.000    -42.060
  9820.000    -42.060
  9830.000    -42.060
  9840.000    -42.060
  9850.000    -42.060
  9860.000    -42.060
  9870.000    -42.060
  9880.000    -42.188
  9890.000    -42.309
  9900.000    -42.309
  9910.000    -42.309
  9920.000    -42.309
  9930.000    -42.309
  9940.000    -42.309
  9950.000    -42.309
  9960.000    -42.309
  9970.000    -42.309
  9980.000    -42.309
  9990.000    -42.309
 10000.000    -42.309
 10010.000    -42.309
 10020.000    -42.431
 10030.000    -42.431
 10040.000    -42.550
 10050.000    -42.550
 10060.000    -42.550
 10070.000    -42.550
 10080.000    -42.550
 10090.000    -42.550
 10100.000    -42.550
 10110.000    -42.550
 10120.000    -42.550
 10130.000    -42.550
 10140.000    -42.550
 10150.000    -42.550
 10160.000    -42.673
 10170.000    -42.673
 10180.000    -42.790
 10190.000    -42.790
 10200.000    -42.790
 10210.000    -42.790
 10220.000    -42.790
 10230.000    -42.790
 10240.000    -42.790
 10250.000    -42.790
 10260.000    -42.790
 10270.000    -42.790
 10280.000    -42.790
 10290.000    -42.790
 10300.000    -42.910
 10310.000    -42.910
 10320.000    -43.025
 10330.000    -43.025
 10340.000    -43.025
 10350.000    -43.025
 10360.000    -43.025
 10370.000    -43.025
 10380.000    -43.025
 10390.000    -43.025
 10400.000    -43.025
 10410.000    -43.025
 10420.000    -43.025
 10430.000    -43.025
 10440.000    -43.144
 10450.000    -43.144
 10460.000    -43.144
 10470.000    -43.256
 10480.000    -43.256
 10490.000    -43.256
 10500.000    -43.256
 10510.000    -43.256
 10520.000    -43.256
 10530.000    -43.256
 10540.000    -43.256
 10550.000    -43.256
 10560.000    -43.256
 10570.000    -43.256
 10580.000    -43.372
 10590.000    -43.372
 10600.000    -43.372
 10610.000    -43.485
 10620.000    -43.485
 10630.000    -43.485
 10640.000    -43.485
 10650.000    -43.485
 10660.000    -43.485
 10670.000    -43.485
 10680.000    -43.485
 10690.000    -43.485
 10700.000    -43.485
 10710.000    -43.485
 10720.000    -43.601
 10730.000    -43.601
 10740.000    -43.601
 10750.000    -43.711
 10760.000    -43.711
 10770.000    -43.711
 10780.000    -43.711
 10790.000    -43.711
 10800.000    -43.711
 10810.000    -43.711
 10820.000    -43.711
 10830.000    -43.711
 10840.000    -43.711
 10850.000    -43.711
 10860.000    -43.826
 10870.000    -43.826
 10880.000    -43.826
 10890.000    -43.826
 10900.000    -43.935
 10910.000    -43.935
 10920.000    -43.935
 10930.000    -43.935
 10940.000    -43.935
 10950.000    -43.935
 10960.000    -43.935
 10970.000    -43.935
 10980.000    -43.935
 10990.000    -43.935
 11000.000    -44.048
 11010.000    -44.048
 11020.000    -44.048
 11030.000    -44.048
 11040.000    -44.156
 11050.000    -44.156
 11060.000    -44.156
 11070.000    -44.156
 11080.000    -44.156
 11090.000    -44.156
 11100.000    -44.156
 11110.000    -44.156
 11120.000    -44.156
 11130.000    -44.156
 11140.000    -44.267
 11150.000    -44.267
 11160.000    -44.267
 11170.000    -44.267
 11180.000    -44.373
 11190.000    -44.373
 11200.000    -44.373
 11210.000    -44.373
 11220.000    -44.373
 11230.000    -44.373
 11240.000    -44.373
 11250.000    -44.373
 11260.000    -44.373
 11270.000    -44.373
 11280.000    -44.483
 11290.000    -44.483
 11300.000    -44.483
 11310.000    -44.483
 11320.000    -44.483
 11330.000    -44.588
 11340.000    -44.588
 11350.000    -44.588
 11360.000    -44.588
 11370.000    -44.588
 11380.000    -44.588
 11390.000    -44.588
 11400.000    -44.588
 11410.000    -44.588
 11420.000    -44.697
 11430.000    -44.697
 11440.000    -44.697
 11450.000    -44.697
 11460.000    -44.697
 11470.000    -44.802
 11480.000    -44.802
 11490.000    -44.802
 11500.000    -44.802
 11510.000    -44.802
 11520.000    -44.802
 11530.000    -44.802
 11540.000    -44.802
 11550.000    -44.802
 11560.000    -44.910
 11570.000    -44.910
 11580.000    -44.910
 11590.000    -44.910
 11600.000    -44.910
 11610.000    -45.014
 11620.000    -45.014
 11630.000    -45.014
 11640.000    -45.014
 11650.000    -45.014
 11660.000    -45.014
 11670.000    -45.014
 11680.000    -45.014
 11690.000    -45.014
 11700.000    -45.120
 11710.000    -45.120
 11720.000    -45.120
 11730.000    -45.120
 11740.000    -45.120
 11750.000    -45.120
 11760.000    -45.221
 11770.000    -45.221
 11780.000    -45.221
 11790.000    -45.221
 11800.000    -45.221
 11810.000    -45.221
 11820.000    -45.221
 11830.000    -45.221
 11840.000    -45.327
 11850.000    -45.327
 11860.000    -45.327
 11870.000    -45.327
 11880.000    -45.327
 11890.000    -45.327
 11900.000    -45.427
 11910.000    -45.427
 11920.000    -45.427
 11930.000    -45.427
 11940.000    -45.427
 11950.000    -45.427
 11960.000    -45.427
 11970.000    -45.427
 11980.000    -45.531
 11990.000    -45.531
 12000.000    -45.531
 12010.000    -45.531
 12020.000    -45.531
 12030.000    -45.531
 12040.000    -45.630
 12050.000    -45.630
 12060.000    -45.630
 12070.000    -45.630
 12080.000    -45.630
 12090.000    -45.630
 12100.000    -45.630
 12110.000    -45.630
 12120.000    -45.731
 12130.000    -45.731
 12140.000    -45.731
 12150.000    -45.731
 12160.000    -45.731
 12170.000    -45.731
 12180.000    -45.731
 12190.000    -45.830
 12200.000    -45.830
 12210.000    -45.830
 12220.000    -45.830
 12230.000    -45.830
 12240.000    -45.830
 12250.000    -45.830
 12260.000    -45.930
 12270.000    -45.930
 12280.000    -45.930
 12290.000    -45.930
 12300.000    -45.930
 12310.000    -45.930
 12320.000    -45.930
 12330.000    -46.028
 12340.000    -46.028
 12350.000    -46.028
 12360.000    -46.028
 12370.000    -46.028
 12380.000    -46.028
 12390.000    -46.128
 12400.000    -46.128
 12410.000    -46.128
 12420.000    -46.128
 12430.000    -46.128
 12440.000    -46.128
 12450.000    -46.128
 12460.000    -46.128
 12470.000    -46.225
 12480.000    -46.225
 12490.000    -46.225
 12500.000    -46.225
 12510.000    -46.225
 12520.000    -46.225
 12530.000    -46.324
 12540.000    -46.324
 12550.000    -46.324
 12560.000    -46.324
 12570.000    -46.324
 12580.000    -46.324
 12590.000    -46.324
 12600.000    -46.324
 12610.000    -46.324
 12620.000    -46.419
 12630.000    -46.419
 12640.000    -46.419
 12650.000    -46.419
 12660.000    -46.419
 12670.000    -46.517
 12680.000    -46.517
 12690.000    -46.517
 12700.000    -46.517
 12710.000    -46.517
 12720.000    -46.517
 12730.000    -46.517
 12740.000    -46.517
 12750.000    -46.517
 12760.000    -46.613
 12770.000    -46.613
 12780.000    -46.613
 12790.000    -46.613
 12800.000    -46.613
 12810.000    -46.709
 12820.000    -46.709
 12830.000    -46.709
 12840.000    -46.709
 12850.000    -46.709
 12860.000    -46.709
 12870.000    -46.709
 12880.000    -46.709
 12890.000    -46.709
 12900.000    -46.803
 12910.000    -46.803
 12920.000    -46.803
 12930.000    -46.803
 12940.000    -46.803
 12950.000    -46.897
 12960.000    -46.897
 12970.000    -46.897
 12980.000    -46.897
 12990.000    -46.897
 13000.000    -46.897
 13010.000    -46.897
 13020.000    -46.897
 13030.000    -46.897
 13040.000    -46.897
 13050.000    -46.990
 13060.000    -46.990
 13070.000    -46.990
 13080.000    -46.990
 13090.000    -47.084
 13100.000    -47.084
 13110.000    -47.084
 13120.000    -47.084
 13130.000    -47.084
 13140.000    -47.084
 13150.000    -47.084
 13160.000    -47.084
 13170.000    -47.084
 13180.000    -47.084
 13190.000    -47.175
 13200.000    -47.175
 13210.000    -47.175
 13220.000    -47.175
 13230.000    -47.269
 13240.000    -47.269
 13250.000    -47.269
 13260.000    -47.269
 13270.000    -47.269
 13280.000    -47.269
 13290.000    -47.269
 13300.000    -47.269
 13310.000    -47.269
 13320.000    -47.269
 13330.000    -47.359
 13340.000    -47.359
 13350.000    -47.359
 13360.000    -47.359
 13370.000    -47.451
 13380.000    -47.451
 13390.000    -47.451
 13400.000    -47.451
 13410.000    -47.451
 13420.000    -47.451
 13430.000    -47.451
 13440.000    -47.451
 13450.000    -47.451
 13460.000    -47.451
 13470.000    -47.451
 13480.000    -47.542
 13490.000    -47.542
 13500.000    -47.542
 13510.000    -47.634
 13520.000    -47.634
 13530.000    -47.634
 13540.000    -47.634
 13550.000    -47.634
 13560.000    -47.634
 13570.000    -47.634
 13580.000    -47.634
 13590.000    -47.634
 13600.000    -47.634
 13610.000    -47.634
 13620.000    -47.723
 13630.000    -47.723
 13640.000    -47.723
 13650.000    -47.813
 13660.000    -47.813
 13670.000    -47.813
 13680.000    -47.813
 13690.000    -47.813
 13700.000    -47.813
 13710.000    -47.813
 13720.000    -47.813
 13730.000    -47.813
 13740.000    -47.813
 13750.000    -47.813
 13760.000    -47.900
 13770.000    -47.900
 13780.000    -47.900
 13790.000    -47.988
 13800.000    -47.988
 13810.000    -47.988
 13820.000    -47.988
 13830.000    -47.988
 13840.000    -47.988
 13850.000    -47.988
 13860.000    -47.988
 13870.000    -47.988
 13880.000    -47.988
 13890.000    -47.988
 13900.000    -47.988
 13910.000    -48.075
 13920.000    -48.075
 13930.000    -48.164
 13940.000    -48.164
 13950.000    -48.164
 13960.000    -48.164
 13970.000    -48.164
 13980.000    -48.164
 13990.000    -48.164
 14000.000    -48.164
 14010.000    -48.164
 14020.000    -48.164
 14030.000    -48.164
 14040.000    -48.164
 14050.000    -48.251
 14060.000    -48.251
 14070.000    -48.337
 14080.000    -48.337
 14090.000    -48.337
 14100.000    -48.337
 14110.000    -48.337
 14120.000    -48.337
 14130.000    -48.337
 14140.000    -48.337
 14150.000    -48.337
 14160.000    -48.337
 14170.000    -48.337
 14180.000    -48.337
 14190.000    -48.423
 14200.000    -48.423
 14210.000    -48.511
 14220.000    -48.511
 14230.000    -48.511
 14240.000    -48.511
 14250.000    -48.511
 14260.000    -48.511
 14270.000    -48.511
 14280.000    -48.511
 14290.000    -48.511
 14300.000    -48.511
 14310.000    -48.511
 14320.000    -48.511
 14330.000    -48.511
 14340.000    -48.597
 14350.000    -48.682
 14360.000    -48.682
 14370.000    -48.682
 14380.000    -48.682
 14390.000    -48.682
 14400.000    -48.682
 14410.000    -48.682
 14420.000    -48.682
 14430.000    -48.682
 14440.000    -48.682
 14450.000    -48.682
 14460.000    -48.682
 14470.000    -48.682
 14480.000    -48.766
 14490.000    -48.851
 14500.000    -48.851
 14510.000    -48.851
 14520.000    -48.851
 14530.000    -48.851
 14540.000    -48.851
 14550.000    -48.851
 14560.000    -48.851
 14570.000    -48.851
 14580.000    -48.851
 14590.000    -48.851
 14600.000    -48.851
 14610.000    -48.851
 14620.000    -48.933
 14630.000    -49.018
 14640.000    -49.018
 14650.000    -49.018
 14660.000    -49.018
 14670.000    -49.018
 14680.000    -49.018
 14690.000    -49.018
 14700.000    -49.018
 14710.000    -49.018
 14720.000    -49.018
 14730.000    -49.018
 14740.000    -49.018
 14750.000    -49.018
 14760.000    -49.018
 14770.000    -49.185
 14780.000    -49.185
 14790.000    -49.185
 14800.000    -49.185
 14810.000    -49.185
 14820.000    -49.185
 14830.000    -49.185
 14840.000    -49.185
 14850.000    -49.185
 14860.000    -49.185
 14870.000    -49.185
 14880.000    -49.185
 14890.000    -49.185
 14900.000    -49.185
 14910.000    -49.348
 14920.000    -49.348
 14930.000    -49.348
 14940.000    -49.348
 14950.000    -49.348
 14960.000    -49.348
 14970.000    -49.348
 14980.000    -49.348
 14990.000    -49.348
 15000.000    -49.348
 15010.000    -49.348
 15020.000    -49.348
 15030.000    -49.348
 15040.000    -49.348
 15050.000    -49.509
 15060.000    -49.509
 15070.000    -49.509
 15080.000    -49.509
 15090.000    -49.509
 15100.000    -49.509
 15110.000    -49.509
 15120.000    -49.509
 15130.000    -49.509
 15140.000    -49.509
 15150.000    -49.509
 15160.000    -49.509
 15170.000    -49.509
 15180.000    -49.509
 15190.000    -49.591
 15200.000    -49.672
 15210.000    -49.672
 15220.000    -49.672
 15230.000    -49.672
 15240.000    -49.672
 15250.000    -49.672
 15260.000    -49.672
 15270.000    -49.672
 15280.000    -49.672
 15290.000    -49.672
 15300.000    -49.672
 15310.000    -49.672
 15320.000    -49.672
 15330.000    -49.753
 15340.000    -49.831
 15350.000    -49.831
 15360.000    -49.831
 15370.000    -49.831
 15380.000    -49.831
 15390.000    -49.831
 15400.000    -49.831
 15410.000    -49.831
 15420.000    -49.831
 15430.000    -49.831
 15440.000    -49.831
 15450.000    -49.831
 15460.000    -49.831
 15470.000    -49.911
 15480.000    -49.988
 15490.000    -49.988
 15500.000    -49.988
 15510.000    -49.988
 15520.000    -49.988
 15530.000    -49.988
 15540.000    -49.988
 15550.000    -49.988
 15560.000    -49.988
 15570.000    -49.988
 15580.000    -49.988
 15590.000    -49.988
 15600.000    -49.988
 15610.000    -50.067
 15620.000    -50.067
 15630.000    -50.144
 15640.000    -50.144
 15650.000    -50.144
 15660.000    -50.144
 15670.000    -50.144
 15680.000    -50.144
 15690.000    -50.144
 15700.000    -50.144
 15710.000    -50.144
 15720.000    -50.144
 15730.000    -50.144
 15740.000    -50.144
 15750.000    -50.223
 15760.000    -50.223
 15770.000    -50.299
 15780.000    -50.299
 15790.000    -50.299
 15800.000    -50.299
 15810.000    -50.299
 15820.000    -50.299
 15830.000    -50.299
 15840.000    -50.299
 15850.000    -50.299
 15860.000    -50.299
 15870.000    -50.299
 15880.000    -50.378
 15890.000    -50.378
 15900.000    -50.378
 15910.000    -50.455
 15920.000    -50.455
 15930.000    -50.455
 15940.000    -50.455
 15950.000    -50.455
 15960.000    -50.455
 15970.000    -50.455
 15980.000    -50.455
 15990.000    -50.455
 16000.000    -50.455
 16010.000    -50.455
 16020.000    -50.533
 16030.000    -50.533
 16040.000    -50.533
 16050.000    -50.533
 16060.000    -50.608
 16070.000    -50.608
 16080.000    -50.608
 16090.000    -50.608
 16100.000    -50.608
 16110.000    -50.608
 16120.000    -50.608
 16130.000    -50.608
 16140.000    -50.608
 16150.000    -50.608
 16160.000    -50.684
 16170.000    -50.684
 16180.000    -50.684
 16190.000    -50.684
 16200.000    -50.758
 16210.000    -50.758
 16220.000    -50.758
 16230.000    -50.758
 16240.000    -50.758
 16250.000    -50.758
 16260.000    -50.758
 16270.000    -50.758
 16280.000    -50.758
 16290.000    -50.758
 16300.000    -50.834
 16310.000    -50.834
 16320.000    -50.834
 16330.000    -50.834
 16340.000    -50.908
 16350.000    -50.908
 16360.000    -50.908
 16370.000    -50.908
 16380.000    -50.908
 16390.000    -50.908
 16400.000    -50.908
 16410.000    -50.908
 16420.000    -50.908
 16430.000    -50.908
 16440.000    -50.983
 16450.000    -50.983
 16460.000    -50.983
 16470.000    -50.983
 16480.000    -50.983
 16490.000    -51.056
 16500.000    -51.056
 16510.000    -51.056
 16520.000    -51.056
 16530.000    -51.056
 16540.000    -51.056
 16550.000    -51.056
 16560.000    -51.056
 16570.000    -51.056
 16580.000    -51.131
 16590.000    -51.131
 16600.000    -51.131
 16610.000    -51.131
 16620.000    -51.131
 16630.000    -51.203
 16640.000    -51.203
 16650.000    -51.203
 16660.000    -51.203
 16670.000    -51.203
 16680.000    -51.203
 16690.000    -51.203
 16700.000    -51.203
 16710.000    -51.203
 16720.000    -51.276
 16730.000    -51.276
 16740.000    -51.276
 16750.000    -51.276
 16760.000    -51.276
 16770.000    -51.348
 16780.000    -51.348
 16790.000    -51.348
 16800.000    -51.348
 16810.000    -51.348
 16820.000    -51.348
 16830.000    -51.348
 16840.000    -51.348
 16850.000    -51.348
 16860.000    -51.421
 16870.000    -51.421
 16880.000    -51.421
 16890.000    -51.421
 16900.000    -51.421
 16910.000    -51.421
 16920.000    -51.493
 16930.000    -51.493
 16940.000    -51.493
 16950.000    -51.493
 16960.000    -51.493
 16970.000    -51.493
 16980.000    -51.493
 16990.000    -51.493
 17000.000    -51.566
 17010.000    -51.566
 17020.000    -51.566
 17030.000    -51.566
 17040.000    -51.566
 17050.000    -51.566
 17060.000    -51.637
 17070.000    -51.637
 17080.000    -51.637
 17090.000    -51.637
 17100.000    -51.637
 17110.000    -51.637
 17120.000    -51.637
 17130.000    -51.637
 17140.000    -51.709
 17150.000    -51.709
 17160.000    -51.709
 17170.000    -51.709
 17180.000    -51.709
 17190.000    -51.709
 17200.000    -51.780
 17210.000    -51.780
 17220.000    -51.780
 17230.000    -51.780
 17240.000    -51.780
 17250.000    -51.780
 17260.000    -51.780
 17270.000    -51.780
 17280.000    -51.851
 17290.000    -51.851
 17300.000    -51.851
 17310.000    -51.851
 17320.000    -51.851
 17330.000    -51.851
 17340.000    -51.851
 17350.000    -51.921
 17360.000    -51.921
 17370.000    -51.921
 17380.000    -51.921
 17390.000    -51.921
 17400.000    -51.921
 17410.000    -51.921
 17420.000    -51.992
 17430.000    -51.992
 17440.000    -51.992
 17450.000    -51.992
 17460.000    -51.992
 17470.000    -51.992
 17480.000    -51.992
 17490.000    -52.061
 17500.000    -52.061
 17510.000    -52.061
 17520.000    -52.061
 17530.000    -52.061
 17540.000    -52.061
 17550.000    -52.061
 17560.000    -52.131
 17570.000    -52.131
 17580.000    -52.131
 17590.000    -52.131
 17600.000    -52.131
 17610.000    -52.131
 17620.000    -52.131
 17630.000    -52.200
 17640.000    -52.200
 17650.000    -52.200
 17660.000    -52.200
 17670.000    -52.200
 17680.000    -52.200
 17690.000    -52.200
 17700.000    -52.270
 17710.000    -52.270
 17720.000    -52.270
 17730.000    -52.270
 17740.000    -52.270
 17750.000    -52.270
 17760.000    -52.270
 17770.000    -52.270
 17780.000    -52.338
 17790.000    -52.338
 17800.000    -52.338
 17810.000    -52.338
 17820.000    -52.338
 17830.000    -52.338
 17840.000    -52.407
 17850.000    -52.407
 17860.000    -52.407
 17870.000    -52.407
 17880.000    -52.407
 17890.000    -52.407
 17900.000    -52.407
 17910.000    -52.407
 17920.000    -52.474
 17930.000    -52.474
 17940.000    -52.474
 17950.000    -52.474
 17960.000    -52.474
 17970.000    -52.474
 17980.000    -52.543
 17990.000    -52.543
 18000.000    -52.543
 18010.000    -52.543
 18020.000    -52.543
 18030.000    -52.543
 18040.000    -52.543
 18050.000    -52.543
 18060.000    -52.610
 18070.000    -52.610
 18080.000    -52.610
 18090.000    -52.610
 18100.000    -52.610
 18110.000    -52.610
 18120.000    -52.678
 18130.000    -52.678
 18140.000    -52.678
 18150.000    -52.678
 18160.000    -52.678
 18170.000    -52.678
 18180.000    -52.678
 18190.000    -52.678
 18200.000    -52.678
 18210.000    -52.745
 18220.000    -52.745
 18230.000    -52.745
 18240.000    -52.745
 18250.000    -52.745
 18260.000    -52.813
 18270.000    -52.813
 18280.000    -52.813
 18290.000    -52.813
 18300.000    -52.813
 18310.000    -52.813
 18320.000    -52.813
 18330.000    -52.813
 18340.000    -52.813
 18350.000    -52.878
 18360.000    -52.878
 18370.000    -52.878
 18380.000    -52.878
 18390.000    -52.878
 18400.000    -52.945
 18410.000    -52.945
 18420.000    -52.945
 18430.000    -52.945
 18440.000    -52.945
 18450.000    -52.945
 18460.000    -52.945
 18470.000    -52.945
 18480.000    -52.945
 18490.000    -53.009
 18500.000    -53.009
 18510.000    -53.009
 18520.000    -53.009
 18530.000    -53.009
 18540.000    -53.076
 18550.000    -53.076
 18560.000    -53.076
 18570.000    -53.076
 18580.000    -53.076
 18590.000    -53.076
 18600.000    -53.076
 18610.000    -53.076
 18620.000    -53.076
 18630.000    -53.076
 18640.000    -53.141
 18650.000    -53.141
 18660.000    -53.141
 18670.000    -53.141
 18680.000    -53.208
 18690.000    -53.208
 18700.000    -53.208
 18710.000    -53.208
 18720.000    -53.208
 18730.000    -53.208
 18740.000    -53.208
 18750.000    -53.208
 18760.000    -53.208
 18770.000    -53.208
 18780.000    -53.272
 18790.000    -53.272
 18800.000    -53.272
 18810.000    -53.272
 18820.000    -53.338
 18830.000    -53.338
 18840.000    -53.338
 18850.000    -53.338
 18860.000    -53.338
 18870.000    -53.338
 18880.000    -53.338
 18890.000    -53.338
 18900.000    -53.338
 18910.000    -53.338
 18920.000    -53.402
 18930.000    -53.402
 18940.000    -53.402
 18950.000    -53.402
 18960.000    -53.466
 18970.000    -53.466
 18980.000    -53.466
 18990.000    -53.466
 19000.000    -53.466
 19010.000    -53.466
 19020.000    -53.466
 19030.000    -53.466
 19040.000    -53.466
 19050.000    -53.466
 19060.000    -53.466
 19070.000    -53.530
 19080.000    -53.530
 19090.000    -53.530
 19100.000    -53.595
 19110.000    -53.595
 19120.000    -53.595
 19130.000    -53.595
 19140.000    -53.595
 19150.000    -53.595
 19160.000    -53.595
 19170.000    -53.595
 19180.000    -53.595
 19190.000    -53.595
 19200.000    -53.595
 19210.000    -53.658
 19220.000    -53.658
 19230.000    -53.658
 19240.000    -53.723
 19250.000    -53.723
 19260.000    -53.723
 19270.000    -53.723
 19280.000    -53.723
 19290.000    -53.723
 19300.000    -53.723
 19310.000    -53.723
 19320.000    -53.723
 19330.000    -53.723
 19340.000    -53.723
 19350.000    -53.786
 19360.000    -53.786
 19370.000    -53.850
 19380.000    -53.850
 19390.000    -53.850
 19400.000    -53.850
 19410.000    -53.850
 19420.000    -53.850
 19430.000    -53.850
 19440.000    -53.850
 19450.000    -53.850
 19460.000    -53.850
 19470.000    -53.850
 19480.000    -53.850
 19490.000    -53.850
 19500.000    -53.912
 19510.000    -53.975
 19520.000    -53.975
 19530.000    -53.975
 19540.000    -53.975
 19550.000    -53.975
 19560.000    -53.975
 19570.000    -53.975
 19580.000    -53.975
 19590.000    -53.975
 19600.000    -53.975
 19610.000    -53.975
 19620.000    -53.975
 19630.000    -53.975
 19640.000    -54.036
 19650.000    -54.098
 19660.000    -54.098
 19670.000    -54.098
 19680.000    -54.098
 19690.000    -54.098
 19700.000    -54.098
 19710.000    -54.098
 19720.000    -54.098
 19730.000    -54.098
 19740.000    -54.098
 19750.000    -54.098
 19760.000    -54.098
 19770.000    -54.098
 19780.000    -54.161
 19790.000    -54.222
 19800.000    -54.222
 19810.000    -54.222
 19820.000    -54.222
 19830.000    -54.222
 19840.000    -54.222
 19850.000    -54.222
 19860.000    -54.222
 19870.000    -54.222
 19880.000    -54.222
 19890.000    -54.222
 19900.000    -54.222
 19910.000    -54.222
 19920.000    -54.222
 19930.000    -54.345
 19940.000    -54.345
 19950.000    -54.345
 19960.000    -54.345
 19970.000    -54.345
 19980.000    -54.345
 19990.000    -54.345
 20000.000    -54.345
 20010.000    -54.345
 20020.000    -54.345
 20030.000    -54.345
 20040.000    -54.345
 20050.000    -54.345
 20060.000    -54.345
 20070.000    -54.467
 20080.000    -54.467
 20090.000    -54.467
 20100.000    -54.467
 20110.000    -54.467
 20120.000    -54.467
 20130.000    -54.467
 20140.000    -54.467
 20150.000    -54.467
 20160.000    -54.467
 20170.000    -54.467
 20180.000    -54.467
 20190.000    -54.467
 20200.000    -54.467
 20210.000    -54.588
 20220.000    -54.588
 20230.000    -54.588
 20240.000    -54.588
 20250.000    -54.588
 20260.000    -54.588
 20270.000    -54.588
 20280.000    -54.588
 20290.000    -54.588
 20300.000    -54.588
 20310.000    -54.588
 20320.000    -54.588
 20330.000    -54.588
 20340.000    -54.588
 20350.000    -54.649
 20360.000    -54.709
 20370.000    -54.709
 20380.000    -54.709
 20390.000    -54.709
 20400.000    -54.709
 20410.000    -54.709
 20420.000    -54.709
 20430.000    -54.709
 20440.000    -54.709
 20450.000    -54.709
 20460.000    -54.709
 20470.000    -54.709
 20480.000    -54.709
 20490.000    -54.769
 20500.000    -54.828
 20510.000    -54.828
 20520.000    -54.828
 20530.000    -54.828
 20540.000    -54.828
 20550.000    -54.828
 20560.000    -54.828
 20570.000    -54.828
 20580.000    -54.828
 20590.000    -54.828
 20600.000    -54.828
 20610.000    -54.828
 20620.000    -54.828
 20630.000    -54.888
 20640.000    -54.946
 20650.000    -54.946
 20660.000    -54.946
 20670.000    -54.946
 20680.000    -54.946
 20690.000    -54.946
 20700.000    -54.946
 20710.000    -54.946
 20720.000    -54.946
 20730.000    -54.946
 20740.000    -54.946
 20750.000    -54.946
 20760.000    -54.946
 20770.000    -55.006
 20780.000    -55.006
 20790.000    -55.064
 20800.000    -55.064
 20810.000    -55.064
 20820.000    -55.064
 20830.000    -55.064
 20840.000    -55.064
 20850.000    -55.064
 20860.000    -55.064
 20870.000    -55.064
 20880.000    -55.064
 20890.000    -55.064
 20900.000    -55.064
 20910.000    -55.124
 20920.000    -55.124
 20930.000    -55.182
 20940.000    -55.182
 20950.000    -55.182
 20960.000    -55.182
 20970.000    -55.182
 20980.000    -55.182
 20990.000    -55.182
 21000.000    -55.182
 21010.000    -55.182
 21020.000    -55.182
 21030.000    -55.182
 21040.000    -55.182
 21050.000    -55.241
 21060.000    -55.241
 21070.000    -55.298
 21080.000    -55.298
 21090.000    -55.298
 21100.000    -55.298
 21110.000    -55.298
 21120.000    -55.298
 21130.000    -55.298
 21140.000    -55.298
 21150.000    -55.298
 21160.000    -55.298
 21170.000    -55.298
 21180.000    -55.298
 21190.000    -55.357
 21200.000    -55.357
 21210.000    -55.357
 21220.000    -55.414
 21230.000    -55.414
 21240.000    -55.414
 21250.000    -55.414
 21260.000    -55.414
 21270.000    -55.414
 21280.000    -55.414
 21290.000    -55.414
 21300.000    -55.414
 21310.000    -55.414
 21320.000    -55.414
 21330.000    -55.472
 21340.000    -55.472
 21350.000    -55.472
 21360.000    -55.528
 21370.000    -55.528
 21380.000    -55.528
 21390.000    -55.528
 21400.000    -55.528
 21410.000    -55.528
 21420.000    -55.528
 21430.000    -55.528
 21440.000    -55.528
 21450.000    -55.528
 21460.000    -55.528
 21470.000    -55.585
 21480.000    -55.585
 21490.000    -55.585
 21500.000    -55.642
 21510.000    -55.642
 21520.000    -55.642
 21530.000    -55.642
 21540.000    -55.642
 21550.000    -55.642
 21560.000    -55.642
 21570.000    -55.642
 21580.000    -55.642
 21590.000    -55.642
 21600.000    -55.642
 21610.000    -55.699
 21620.000    -55.699
 21630.000    -55.699
 21640.000    -55.699
 21650.000    -55.755
 21660.000    -55.755
 21670.000    -55.755
 21680.000    -55.755
 21690.000    -55.755
 21700.000    -55.755
 21710.000    -55.755
 21720.000    -55.755
 21730.000    -55.755
 21740.000    -55.755
 21750.000    -55.812
 21760.000    -55.812
 21770.000    -55.812
 21780.000    -55.812
 21790.000    -55.868
 21800.000    -55.868
 21810.000    -55.868
 21820.000    -55.868
 21830.000    -55.868
 21840.000    -55.868
 21850.000    -55.868
 21860.000    -55.868
 21870.000    -55.868
 21880.000    -55.868
 21890.000    -55.926
 21900.000    -55.926
 21910.000    -55.926
 21920.000    -55.926
 21930.000    -55.980
 21940.000    -55.980
 21950.000    -55.980
 21960.000    -55.980
 21970.000    -55.980
 21980.000    -55.980
 21990.000    -55.980
 22000.000    -55.980
 22010.000    -55.980
 22020.000    -55.980
 22030.000    -56.037
 22040.000    -56.037
 22050.000    -56.037
 22060.000    -56.037
 22070.000    -56.037
 22080.000    -56.092
 22090.000    -56.092
 22100.000    -56.092
 22110.000    -56.092
 22120.000    -56.092
 22130.000    -56.092
 22140.000    -56.092
 22150.000    -56.092
 22160.000    -56.092
 22170.000    -56.148
 22180.000    -56.148
 22190.000    -56.148
 22200.000    -56.148
 22210.000    -56.148
 22220.000    -56.202
 22230.000    -56.202
 22240.000    -56.202
 22250.000    -56.202
 22260.000    -56.202
 22270.000    -56.202
 22280.000    -56.202
 22290.000    -56.202
 22300.000    -56.202
 22310.000    -56.257
 22320.000    -56.257
 22330.000    -56.257
 22340.000    -56.257
 22350.000    -56.257
 22360.000    -56.311
 22370.000    -56.311
 22380.000    -56.311
 22390.000    -56.311
 22400.000    -56.311
 22410.000    -56.311
 22420.000    -56.311
 22430.000    -56.311
 22440.000    -56.311
 22450.000    -56.367
 22460.000    -56.367
 22470.000    -56.367
 22480.000    -56.367
 22490.000    -56.367
 22500.000    -56.367
 22510.000    -56.420
 22520.000    -56.420
 22530.000    -56.420
 22540.000    -56.420
 22550.000    -56.420
 22560.000    -56.420
 22570.000    -56.420
 22580.000    -56.420
 22590.000    -56.474
 22600.000    -56.474
 22610.000    -56.474
 22620.000    -56.474
 22630.000    -56.474
 22640.000    -56.474
 22650.000    -56.528
 22660.000    -56.528
 22670.000    -56.528
 22680.000    -56.528
 22690.000    -56.528
 22700.000    -56.528
 22710.000    -56.528
 22720.000    -56.528
 22730.000    -56.582
 22740.000    -56.582
 22750.000    -56.582
 22760.000    -56.582
 22770.000    -56.582
 22780.000    -56.582
 22790.000    -56.636
 22800.000    -56.636
 22810.000    -56.636
 22820.000    -56.636
 22830.000    -56.636
 22840.000    -56.636
 22850.000    -56.636
 22860.000    -56.690
 22870.000    -56.690
 22880.000    -56.690
 22890.000    -56.690
 22900.000    -56.690
 22910.000    -56.690
 22920.000    -56.690
 22930.000    -56.743
 22940.000    -56.743
 22950.000    -56.743
 22960.000    -56.743
 22970.000    -56.743
 22980.000    -56.743
 22990.000    -56.743
 23000.000    -56.796
 23010.000    -56.796
 23020.000    -56.796
 23030.000    -56.796
 23040.000    -56.796
 23050.000    -56.796
 23060.000    -56.796
 23070.000    -56.796
 23080.000    -56.849
 23090.000    -56.849
 23100.000    -56.849
 23110.000    -56.849
 23120.000    -56.849
 23130.000    -56.849
 23140.000    -56.902
 23150.000    -56.902
 23160.000    -56.902
 23170.000    -56.902
 23180.000    -56.902
 23190.000    -56.902
 23200.000    -56.902
 23210.000    -56.902
 23220.000    -56.954
 23230.000    -56.954
 23240.000    -56.954
 23250.000    -56.954
 23260.000    -56.954
 23270.000    -56.954
 23280.000    -57.007
 23290.000    -57.007
 23300.000    -57.007
 23310.000    -57.007
 23320.000    -57.007
 23330.000    -57.007
 23340.000    -57.007
 23350.000    -57.007
 23360.000    -57.059
 23370.000    -57.059
 23380.000    -57.059
 23390.000    -57.059
 23400.000    -57.059
 23410.000    -57.059
 23420.000    -57.112
 23430.000    -57.112
 23440.000    -57.112
 23450.000    -57.112
 23460.000    -57.112
 23470.000    -57.112
 23480.000    -57.112
 23490.000    -57.112
 23500.000    -57.112
 23510.000    -57.164
 23520.000    -57.164
 23530.000    -57.164
 23540.000    -57.164
 23550.000    -57.164
 23560.000    -57.216
 23570.000    -57.216
 23580.000    -57.216
 23590.000    -57.216
 23600.000    -57.216
 23610.000    -57.216
 23620.000    -57.216
 23630.000    -57.216
 23640.000    -57.216
 23650.000    -57.268
 23660.000    -57.268
 23670.000    -57.268
 23680.000    -57.268
 23690.000    -57.268
 23700.000    -57.319
 23710.000    -57.319
 23720.000    -57.319
 23730.000    -57.319
 23740.000    -57.319
 23750.000    -57.319
 23760.000    -57.319
 23770.000    -57.319
 23780.000    -57.319
 23790.000    -57.370
 23800.000    -57.370
 23810.000    -57.370
 23820.000    -57.370
 23830.000    -57.370
 23840.000    -57.422
 23850.000    -57.422
 23860.000    -57.422
 23870.000    -57.422
 23880.000    -57.422
 23890.000    -57.422
 23900.000    -57.422
 23910.000    -57.422
 23920.000    -57.422
 23930.000    -57.422
 23940.000    -57.472
 23950.000    -57.472
 23960.000    -57.472
 23970.000    -57.472
 23980.000    -57.524
 23990.000    -57.524
 24000.000    -57.524
 24010.000    -57.524
 24020.000    -57.524
 24030.000    -57.524
 24040.000    -57.524
 24050.000    -57.524
 24060.000    -57.524
 24070.000    -57.524
 24080.000    -57.574
 24090.000    -57.574
 24100.000    -57.574
 24110.000    -57.574
 24120.000    -57.626
 24130.000    -57.626
 24140.000    -57.626
 24150.000    -57.626
 24160.000    -57.626
 24170.000    -57.626
 24180.000    -57.626
 24190.000    -57.626
 24200.000    -57.626
 24210.000    -57.626
 24220.000    -57.676
 24230.000    -57.676
 24240.000    -57.676
 24250.000    -57.676
 24260.000    -57.728
 24270.000    -57.728
 24280.000    -57.728
 24290.000    -57.728
 24300.000    -57.728
 24310.000    -57.728
 24320.000    -57.728
 24330.000    -57.728
 24340.000    -57.728
 24350.000    -57.728
 24360.000    -57.728
 24370.000    -57.777
 24380.000    -57.777
 24390.000    -57.777
 24400.000    -57.828
 24410.000    -57.828
 24420.000    -57.828
 24430.000    -57.828
 24440.000    -57.828
 24450.000    -57.828
 24460.000    -57.828
 24470.000    -57.828
 24480.000    -57.828
 24490.000    -57.828
 24500.000    -57.828
 24510.000    -57.877
 24520.000    -57.877
 24530.000    -57.877
 24540.000    -57.928
 24550.000    -57.928
 24560.000    -57.928
 24570.000    -57.928
 24580.000    -57.928
 24590.000    -57.928
 24600.000    -57.928
 24610.000    -57.928
 24620.000    -57.928
 24630.000    -57.928
 24640.000    -57.928
 24650.000    -57.977
 24660.000    -57.977
 24670.000    -57.977
 24680.000    -58.027
 24690.000    -58.027
 24700.000    -58.027
 24710.000    -58.027
 24720.000    -58.027
 24730.000    -58.027
 24740.000    -58.027
 24750.000    -58.027
 24760.000    -58.027
 24770.000    -58.027
 24780.000    -58.027
 24790.000    -58.027
 24800.000    -58.075
 24810.000    -58.075
 24820.000    -58.125
 24830.000    -58.125
 24840.000    -58.125
 24850.000    -58.125
 24860.000    -58.125
 24870.000    -58.125
 24880.000    -58.125
 24890.000    -58.125
 24900.000    -58.125
 24910.000    -58.125
 24920.000    -58.125
 24930.000    -58.125
 24940.000    -58.174
 24950.000    -58.174
 24960.000    -58.223
 24970.000    -58.223
 24980.000    -58.223
 24990.000    -58.223
 25000.000    -58.223
 25010.000    -58.223
 25020.000    -58.223
 25030.000    -58.223
 25040.000    -58.223
 25050.000    -58.223
 25060.000    -58.223
 25070.000    -58.223
 25080.000    -58.271
 25090.000    -58.271
 25100.000    -58.321
 25110.000    -58.321
 25120.000    -58.321
 25130.000    -58.321
 25140.000    -58.321
 25150.000    -58.321
 25160.000    -58.321
 25170.000    -58.321
 25180.000    -58.321
 25190.000    -58.321
 25200.000    -58.321
 25210.000    -58.321
 25220.000    -58.321
 25230.000    -58.369
 25240.000    -58.418
 25250.000    -58.418
 25260.000    -58.418
 25270.000    -58.418
 25280.000    -58.418
 25290.000    -58.418
 25300.000    -58.418
 25310.000    -58.418
 25320.000    -58.418
 25330.000    -58.418
 25340.000    -58.418
 25350.000    -58.418
 25360.000    -58.418
 25370.000    -58.466
 25380.000    -58.514
 25390.000    -58.514
 25400.000    -58.514
 25410.000    -58.514
 25420.000    -58.514
 25430.000    -58.514
 25440.000    -58.514
 25450.000    -58.514
 25460.000    -58.514
 25470.000    -58.514
 25480.000    -58.514
 25490.000    -58.514
 25500.000    -58.514
 25510.000    -58.562
 25520.000    -58.611
 25530.000    -58.611
 25540.000    -58.611
 25550.000    -58.611
 25560.000    -58.611
 25570.000    -58.611
 25580.000    -58.611
 25590.000    -58.611
 25600.000    -58.611
 25610.000    -58.611
 25620.000    -58.611
 25630.000    -58.611
 25640.000    -58.611
 25650.000    -58.611
 25660.000    -58.706
 25670.000    -58.706
 25680.000    -58.706
 25690.000    -58.706
 25700.000    -58.706
 25710.000    -58.706
 25720.000    -58.706
 25730.000    -58.706
 25740.000    -58.706
 25750.000    -58.706
 25760.000    -58.706
 25770.000    -58.706
 25780.000    -58.706
 25790.000    -58.706
 25800.000    -58.801
 25810.000    -58.801
 25820.000    -58.801
 25830.000    -58.801
 25840.000    -58.801
 25850.000    -58.801
 25860.000    -58.801
 25870.000    -58.801
 25880.000    -58.801
 25890.000    -58.801
 25900.000    -58.801
 25910.000    -58.801
 25920.000    -58.801
 25930.000    -58.801
 25940.000    -58.895
 25950.000    -58.895
 25960.000    -58.895
 25970.000    -58.895
 25980.000    -58.895
 25990.000    -58.895
 26000.000    -58.895
 26010.000    -58.895
 26020.000    -58.895
 26030.000    -58.895
 26040.000    -58.895
 26050.000    -58.895
 26060.000    -58.895
 26070.000    -58.895
 26080.000    -58.943
 26090.000    -58.989
 26100.000    -58.989
 26110.000    -58.989
 26120.000    -58.989
 26130.000    -58.989
 26140.000    -58.989
 26150.000    -58.989
 26160.000    -58.989
 26170.000    -58.989
 26180.000    -58.989
 26190.000    -58.989
 26200.000    -58.989
 26210.000    -59.037
 26220.000    -59.037
 26230.000    -59.083
 26240.000    -59.083
 26250.000    -59.083
 26260.000    -59.083
 26270.000    -59.083
 26280.000    -59.083
 26290.000    -59.083
 26300.000    -59.083
 26310.000    -59.083
 26320.000    -59.083
 26330.000    -59.083
 26340.000    -59.083
 26350.000    -59.130
 26360.000    -59.130
 26370.000    -59.176
 26380.000    -59.176
 26390.000    -59.176
 26400.000    -59.176
 26410.000    -59.176
 26420.000    -59.176
 26430.000    -59.176
 26440.000    -59.176
 26450.000    -59.176
 26460.000    -59.176
 26470.000    -59.176
 26480.000    -59.176
 26490.000    -59.222
 26500.000    -59.222
 26510.000    -59.222
 26520.000    -59.268
 26530.000    -59.268
 26540.000    -59.268
 26550.000    -59.268
 26560.000    -59.268
 26570.000    -59.268
 26580.000    -59.268
 26590.000    -59.268
 26600.000    -59.268
 26610.000    -59.268
 26620.000    -59.268
 26630.000    -59.314
 26640.000    -59.314
 26650.000    -59.314
 26660.000    -59.360
 26670.000    -59.360
 26680.000    -59.360
 26690.000    -59.360
 26700.000    -59.360
 26710.000    -59.360
 26720.000    -59.360
 26730.000    -59.360
 26740.000    -59.360
 26750.000    -59.360
 26760.000    -59.360
 26770.000    -59.406
 26780.000    -59.406
 26790.000    -59.406
 26800.000    -59.451
 26810.000    -59.451
 26820.000    -59.451
 26830.000    -59.451
 26840.000    -59.451
 26850.000    -59.451
 26860.000    -59.451
 26870.000    -59.451
 26880.000    -59.451
 26890.000    -59.451
 26900.000    -59.451
 26910.000    -59.498
 26920.000    -59.498
 26930.000    -59.498
 26940.000    -59.498
 26950.000    -59.542
 26960.000    -59.542
 26970.000    -59.542
 26980.000    -59.542
 26990.000    -59.542
 27000.000    -59.542
 27010.000    -59.542
 27020.000    -59.542
 27030.000    -59.542
 27040.000    -59.542
 27050.000    -59.588
 27060.000    -59.588
 27070.000    -59.588
 27080.000    -59.588
 27090.000    -59.632
 27100.000    -59.632
 27110.000    -59.632
 27120.000    -59.632
 27130.000    -59.632
 27140.000    -59.632
 27150.000    -59.632
 27160.000    -59.632
 27170.000    -59.632
 27180.000    -59.632
 27190.000    -59.678
 27200.000    -59.678
 27210.000    -59.678
 27220.000    -59.678
 27230.000    -59.722
 27240.000    -59.722
 27250.000    -59.722
 27260.000    -59.722
 27270.000    -59.722
 27280.000    -59.722
 27290.000    -59.722
 27300.000    -59.722
 27310.000    -59.722
 27320.000    -59.722
 27330.000    -59.768
 27340.000    -59.768
 27350.000    -59.768
 27360.000    -59.768
 27370.000    -59.768
 27380.000    -59.812
 27390.000    -59.812
 27400.000    -59.812
 27410.000    -59.812
 27420.000    -59.812
 27430.000    -59.812
 27440.000    -59.812
 27450.000    -59.812
 27460.000    -59.812
 27470.000    -59.857
 27480.000    -59.857
 27490.000    -59.857
 27500.000    -59.857
 27510.000    -59.857
 27520.000    -59.901
 27530.000    -59.901
 27540.000    -59.901
 27550.000    -59.901
 27560.000    -59.901
 27570.000    -59.901
 27580.000    -59.901
 27590.000    -59.901
 27600.000    -59.901
 27610.000    -59.946
 27620.000    -59.946
 27630.000    -59.946
 27640.000    -59.946
 27650.000    -59.946
 27660.000    -59.989
 27670.000    -59.989
 27680.000    -59.989
 27690.000    -59.989
 27700.000    -59.989
 27710.000    -59.989
 27720.000    -59.989
 27730.000    -59.989
 27740.000    -59.989
 27750.000    -60.034
 27760.000    -60.034
 27770.000    -60.034
 27780.000    -60.034
 27790.000    -60.034
 27800.000    -60.034
 27810.000    -60.077
 27820.000    -60.077
 27830.000    -60.077
 27840.000    -60.077
 27850.000    -60.077
 27860.000    -60.077
 27870.000    -60.077
 27880.000    -60.077
 27890.000    -60.122
 27900.000    -60.122
 27910.000    -60.122
 27920.000    -60.122
 27930.000    -60.122
 27940.000    -60.122
 27950.000    -60.165
 27960.000    -60.165
 27970.000    -60.165
 27980.000    -60.165
 27990.000    -60.165
 28000.000    -60.165
 28010.000    -60.165
 28020.000    -60.165
 28030.000    -60.210
 28040.000    -60.210
 28050.000    -60.210
 28060.000    -60.210
 28070.000    -60.210
 28080.000    -60.210
 28090.000    -60.253
 28100.000    -60.253
 28110.000    -60.253
 28120.000    -60.253
 28130.000    -60.253
 28140.000    -60.253
 28150.000    -60.253
 28160.000    -60.253
 28170.000    -60.297
 28180.000    -60.297
 28190.000    -60.297
 28200.000    -60.297
 28210.000    -60.297
 28220.000    -60.297
 28230.000    -60.297
 28240.000    -60.340
 28250.000    -60.340
 28260.000    -60.340
 28270.000    -60.340
 28280.000    -60.340
 28290.000    -60.340
 28300.000    -60.340
 28310.000    -60.384
 28320.000    -60.384
 28330.000    -60.384
 28340.000    -60.384
 28350.000    -60.384
 28360.000    -60.384
 28370.000    -60.384
 28380.000    -60.426
 28390.000    -60.426
 28400.000    -60.426
 28410.000    -60.426
 28420.000    -60.426
 28430.000    -60.426
 28440.000    -60.426
 28450.000    -60.470
 28460.000    -60.470
 28470.000    -60.470
 28480.000    -60.470
 28490.000    -60.470
 28500.000    -60.470
 28510.000    -60.470
 28520.000    -60.513
 28530.000    -60.513
 28540.000    -60.513
 28550.000    -60.513
 28560.000    -60.513
 28570.000    -60.513
 28580.000    -60.513
 28590.000    -60.556
 28591.024    -60.556
